1. 63

2. 23/10

3. 15/28

4. 9/2

5. 25/47

6. 28

7. 99/14

8. 86/25

9. 4/85

10. 4/5

11. 7/15

12. 20/3

13. 41/73

14. 9

15. 7/11

16. 74

17. 36

18. 44

19. 3

20. 32/21

21. 88

22. 9/2

23. 17/57

24. 46

25. 44/43

26. 86/87

27. 21/4

28. 41/26

29. 70

30. 11/18

31. 35

32. 47/10

33. 85/56

34. 3

35. 81/10

36. 47

37. 9/2

38. 55/79

39. 74

40. 17

41. 47/57

42. 37/4

43. 51/2

44. 1/37

45. 1/74

46. 15/2

47. 3/76

48. 59

49. 1/24

50. 2/31

51. 15

52. 15/2

53. 1/30

54. 32/9

55. 70/23

56. 2

57. 23/49

58. 51/77

59. 14/57

60. 17/4

61. 84

62. 12

63. 83

64. 36

65. 19/59

66. 71/64

67. 15

68. 4/5

69. 11/10

70. 46

71. 38

72. 2/9

73. 25/11

74. 43/21

75. 20/21

76. 49

77. 5/2

78. 68/35

79. 89/41

80. 11

81. 22

82. 72

83. 5/41

84. 5

85. 71/3

86. 53/2

87. 93

88. 74

89. 36

90. 43/15

91. 2/17

92. 89/2

93. 46/29

94. 51/22

95. 44/3

96. 7

97. 78

98. 0

99. 49/68

100. 67/10

101. 25/26

102. 79/20

103. 77/57

104. 47

105. 7/99

106. 83/5

107. 9

108. 3/70

109. 56

110. 9/2

111. 40/3

112. 99/4

113. 4/15

114. 63

115. 40

116. 33

117. 66

118. 55/24

119. 1/3

120. 0

121. 80/7

122. 100/61

123. 53/31

124. 50/27

125. 48/29

126. 31/38

127. 4/57

128. 43

129. 38/45

130. 77/89

131. 24/7

132. 88

133. 48/91

134. 72

135. 6/7

136. 9/28

137. 12

138. 16/17

139. 9

140. 28/17

141. 99/25

142. 21

143. 99/2

144. 1

145. 47

146. 23/40

147. 35

148. 66/7

149. 53

150. 3/29

151. 19/50

152. 53/46

153. 71

154. 10

155. 75/14

156. 19/10

157. 77

158. 31/83

159. 8/9

160. 56/41

161. 61

162. 25/19

163. 96/5

164. 57

165. 11/24

166. 53/65

167. 52

168. 9/8

169. 88

170. 77

171. 78

172. 5/9

173. 24

174. 5

175. 6/23

176. 85/46

177. 93/56

178. 8/15

179. 89/63

180. 26/27

181. 93/52

182. 7/11

183. 83/77

184. 55

185. 1/54

186. 93

187. 95/29

188. 19/6

189. 0

190. 100

191. 43/22

192. 99/5

193. 31

194. 11/24

195. 86/51

196. 17/82

197. 96

198. 81

199. 34

200. 70

201. 82/75

202. 37

203. 85/3

204. 7/72

205. 19/82

206. 61/2

207. 16/89

208. 19

209. 4/49

210. 46/67

211. 2/3

212. 31/44

213. 23/33

214. 21/22

215. 61

216. 73/7

217. 47/100

218. 19/4

219. 48

220. 82

221. 9/13

222. 0

223. 0

224. 70

225. 38

226. 36/49

227. 19/33

228. 12/19

229. 66

230. 21

231. 67/5

232. 0

233. 43/2

234. 72/23

235. 53/84

236. 55/53

237. 56

238. 91

239. 36/41

240. 67/25

241. 1/15

242. 9/50

243. 67

244. 98

245. 95/18

246. 36/19

247. 30

248. 22

249. 32

250. 3/2

251. 85/96

252. 24/5

253. 2/13

254. 17/4

255. 49/48

256. 15/22

257. 0

258. 77

259. 15/14

260. 93

261. 67/97

262. 5/16

263. 35/9

264. 47

265. 3

266. 9/23

267. 35

268. 35

269. 57

270. 0

271. 90

272. 26/29

273. 60

274. 33/53

275. 83

276. 51

277. 25/14

278. 12

279. 21/8

280. 61/80

281. 46/33

282. 0

283. 28/87

284. 28/27

285. 17/6

286. 77

287. 9

288. 72

289. 39

290. 30

291. 19/53

292. 97/49

293. 53

294. 26

295. 25/42

296. 6

297. 58/71

298. 40

299. 64

300. 63/41

301. 73

302. 60

303. 22/27

304. 1/9

305. 45

306. 57/50

307. 2

308. 68

309. 44

310. 35/9

311. 8

312. 6

313. 63/58

314. 87/23

315. 12/13

316. 96/13

317. 42

318. 44

319. 52/3

320. 32

321. 76

322. 87

323. 3

324. 11/17

325. 33

326. 0

327. 2/27

328. 53/37

329. 80

330. 99/19

331. 22/31

332. 33/40

333. 22/21

334. 32/25

335. 1/10

336. 2/61

337. 53

338. 66

339. 100

340. 40

341. 81

342. 10/19

343. 3

344. 16/11

345. 52

346. 36/85

347. 86

348. 84

349. 88/81

350. 4/5

351. 72

352. 8

353. 24/49

354. 67

355. 83/99

356. 58/95

357. 100

358. 22/7

359. 53/58

360. 0

361. 30

362. 26/41

363. 26

364. 62

365. 0

366. 26

367. 41

368. 16/5

369. 32

370. 7

371. 4/21

372. 90/23

373. 40

374. 38

375. 15/11

376. 13/11

377. 100

378. 96

379. 7/13

380. 14/45

381. 17/2

382. 8/35

383. 89

384. 45/38

385. 15

386. 0

387. 77

388. 57

389. 97/15

390. 49/22

391. 74

392. 51/98

393. 27

394. 99

395. 11/27

396. 49/3

397. 91/4

398. 95

399. 47

400. 44/49

401. 73/32

402. 32

403. 47

404. 0

405. 23/10

406. 15/7

407. 41/79

408. 10

409. 23/14

410. 23/27

411. 23/12

412. 89

413. 75/2

414. 43/6

415. 9/34

416. 28/11

417. 7/4

418. 71

419. 0

420. 0

421. 75

422. 83/13

423. 13/28

424. 16

425. 11/20

426. 8

427. 7/26

428. 88/97

429. 60/83

430. 50/3

431. 33

432. 66

433. 95/36

434. 79

435. 3

436. 5/39

437. 19

438. 85/3

439. 53

440. 39/2

441. 13/3

442. 77

443. 19/2

444. 72

445. 30/41

446. 20

447. 37

448. 8/7

449. 52

450. 33/95

451. 20/33

452. 3/100

453. 1/23

454. 93/2

455. 52

456. 2/3

457. 11/2

458. 17/20

459. 74

460. 55

461. 59/2

462. 70/17

463. 17/7

464. 100

465. 73/30

466. 56/29

467. 52/83

468. 43/55

469. 42

470. 9/38

471. 39

472. 34/3

473. 81/5

474. 42

475. 13/20

476. 50/99

477. 76

478. 41/46

479. 54/71

480. 95/47

481. 69/64

482. 6/17

483. 7

484. 83

485. 14/33

486. 11

487. 9/7

488. 31/48

489. 85

490. 44/63

491. 1/76

492. 59

493. 16/7

494. 23/12

495. 87/20

496. 62/59

497. 29/5

498. 24

499. 81/97

500. 90

501. 65

502. 0

503. 5

504. 56/37

505. 25/12

506. 35/27

507. 52

508. 24/43

509. 65/99

510. 5/79

511. 56

512. 14

513. 6/13

514. 27

515. 20/7

516. 90

517. 8

518. 98

519. 63

520. 1/24

521. 5/74

522. 67/54

523. 24/35

524. 44

525. 47

526. 10/63

527. 14/15

528. 17/90

529. 78

530. 71/21

531. 52

532. 24/35

533. 11/2

534. 10

535. 15/8

536. 19/18

537. 1/69

538. 0

539. 4

540. 8

541. 31/2

542. 42

543. 58

544. 36/77

545. 67/63

546. 71/2

547. 95/13

548. 44/45

549. 100/67

550. 13/6

551. 40

552. 97/4

553. 21

554. 14

555. 0

556. 83/4

557. 1

558. 79/7

559. 11/2

560. 17

561. 53/6

562. 43

563. 60

564. 26

565. 11/68

566. 37/8

567. 0

568. 73/7

569. 64

570. 74/63

571. 62/9

572. 99

573. 9/10

574. 52/31

575. 53/3

576. 88

577. 97

578. 80/99

579. 99

580. 32

581. 11/21

582. 80/93

583. 79/54

584. 82/7

585. 29

586. 31/80

587. 48

588. 35/74

589. 33/4

590. 19/36

591. 4

592. 11

593. 11

594. 16

595. 52

596. 85/66

597. 14

598. 1

599. 0

600. 11/5

601. 21

602. 80

603. 6

604. 49/8

605. 57

606. 82

607. 32/41

608. 11/3

609. 44/69

610. 11

611. 13/45

612. 49/3

613. 28

614. 68

615. 37/15

616. 79

617. 19/47

618. 13/4

619. 25/61

620. 38/45

621. 15/19

622. 84

623. 55

624. 97

625. 89/14

626. 39/10

627. 66

628. 38

629. 93/8

630. 84/5

631. 73/97

632. 35/8

633. 47

634. 97

635. 23/10

636. 16

637. 83/82

638. 44/13

639. 92/47

640. 21/5

641. 91/2

642. 8/7

643. 31

644. 87/11

645. 45/4

646. 75/4

647. 10

648. 75

649. 2/7

650. 3

651. 22

652. 100

653. 73

654. 2/5

655. 95/2

656. 92/3

657. 74

658. 15/73

659. 25

660. 85

661. 33/10

662. 31

663. 51/16

664. 1

665. 21

666. 0

667. 40

668. 93/35

669. 3

670. 80/37

671. 89

672. 0

673. 91

674. 26/9

675. 48/89

676. 7/48

677. 38/65

678. 19/17

679. 56/3

680. 98

681. 79

682. 77

683. 88/75

684. 43/4

685. 76/21

686. 55/16

687. 63/76

688. 46/7

689. 9/53

690. 92/19

691. 1/2

692. 2

693. 11/40

694. 1/17

695. 87/98

696. 19/48

697. 11/3

698. 19/17

699. 23/32

700. 39/16

701. 44/49

702. 88

703. 97

704. 37

705. 48

706. 49/24

707. 59/37

708. 9/26

709. 25

710. 12/47

711. 49/88

712. 49/82

713. 61/62

714. 17

715. 18

716. 35

717. 5

718. 0

719. 41/36

720. 77/2

721. 32

722. 55/26

723. 9/77

724. 100/3

725. 98

726. 0

727. 83

728. 57/74

729. 8/41

730. 3/70

731. 20

732. 6

733. 59

734. 28/51

735. 46/5

736. 26/23

737. 63/47

738. 47/45

739. 29/86

740. 89/3

741. 55

742. 36/5

743. 13/6

744. 0

745. 77/5

746. 13/46

747. 35/69

748. 27

749. 57/2

750. 97

751. 68/5

752. 45/97

753. 65/34

754. 22

755. 21/17

756. 24

757. 8/27

758. 77

759. 6/23

760. 17/18

761. 19

762. 2/41

763. 38/23

764. 1/12

765. 19/9

766. 26/17

767. 79/73

768. 72

769. 8

770. 96

771. 80

772. 27/46

773. 27/26

774. 60

775. 88

776. 51

777. 45/14

778. 37/9

779. 0

780. 78

781. 8/49

782. 4/13

783. 11

784. 6/91

785. 39

786. 14/27

787. 82/3

788. 8/35

789. 75/16

790. 77

791. 35/76

792. 24

793. 32/29

794. 98/93

795. 52/17

796. 0

797. 60

798. 59

799. 23/34

800. 54/19

801. 0

802. 19

803. 40/31

804. 55/76

805. 93

806. 74/95

807. 17/98

808. 18/31

809. 3/2

810. 19

811. 86

812. 31/2

813. 52

814. 23

815. 23/85

816. 9/98

817. 28

818. 23

819. 1/11

820. 67/85

821. 14/83

822. 63

823. 32/7

824. 98

825. 11/10

826. 83

827. 83

828. 49/27

829. 5

830. 7/89

831. 8/99

832. 5/3

833. 80/9

834. 97/47

835. 19

836. 91/23

837. 63/11

838. 25

839. 49

840. 83

841. 15/2

842. 1

843. 50/13

844. 7

845. 54

846. 29

847. 63/10

848. 71/3

849. 91

850. 34/47

851. 77

852. 89

853. 7/2

854. 90/23

855. 10/19

856. 22/5

857. 27

858. 0

859. 77/2

860. 83/48

861. 50/63

862. 73/65

863. 97/81

864. 77/12

865. 16

866. 31

867. 27/91

868. 87/4

869. 61

870. 53/2

871. 1/29

872. 18/11

873. 15/4

874. 43/66

875. 96

876. 37/96

877. 32/73

878. 25/28

879. 37

880. 33

881. 8/41

882. 27

883. 38

884. 56/95

885. 94

886. 73

887. 94/43

888. 83/80

889. 2/33

890. 23

891. 33/32

892. 35

893. 21/52

894. 16/19

895. 87/22

896. 51/52

897. 62/71

898. 18

899. 65/16

900. 85

901. 9/7

902. 54/77

903. 100/17

904. 1/9

905. 43/9

906. 47/66

907. 56

908. 5/2

909. 70/51

910. 67/89

911. 24

912. 28/81

913. 30

914. 99/20

915. 97

916. 81/91

917. 16

918. 8/5

919. 7/8

920. 5/2

921. 94/25

922. 51/7

923. 10/23

924. 50/27

925. 76/15

926. 47/3

927. 12/31

928. 43/44

929. 46/11

930. 5/22

931. 0

932. 100

933. 50/91

934. 1/2

935. 75/4

936. 40/53

937. 45/11

938. 15

939. 99

940. 4/3

941. 37/6

942. 44

943. 78

944. 72

945. 26/15

946. 6

947. 34/3

948. 27

949. 14/95

950. 10

951. 64/3

952. 97/4

953. 3/2

954. 25

955. 84/25

956. 39/20

957. 7/2

958. 9

959. 31/72

960. 9/77

961. 48

962. 3/4

963. 43

964. 19/17

965. 3/8

966. 25/3

967. 80/67

968. 6/17

969. 14

970. 8/5

971. 23/93

972. 85/58

973. 50

974. 79/77

975. 75

976. 7/3

977. 17/13

978. 8/7

979. 41/49

980. 42

981. 1/2

982. 45

983. 54

984. 19/4

985. 95

986. 63/44

987. 99

988. 3

989. 27/50

990. 39/2

991. 44/39

992. 57

993. 37/32

994. 62/13

995. 59/14

996. 53/28

997. 27/44

998. 63

999. 19

1000. 49/26

